,fips,year,temp,tempc
105,1,2000,63.56666666666666,17.537037037037035
106,1,2001,63.03333333333333,17.24074074074074
107,1,2002,63.575,17.541666666666668
108,1,2003,62.73333333333333,17.074074074074076
109,1,2004,63.333333333333336,17.40740740740741
110,1,2005,63.391666666666666,17.439814814814813
111,1,2006,64.2,17.88888888888889
112,1,2007,64.4,18.000000000000004
113,1,2008,62.91666666666667,17.17592592592593
114,1,2009,62.90833333333333,17.171296296296294
115,1,2010,62.708333333333336,17.060185185185187
116,1,2011,63.833333333333336,17.685185185185187
117,1,2012,64.91666666666667,18.28703703703704
118,1,2013,62.6,17.0
119,1,2014,62.03333333333333,16.685185185185183
120,1,2015,64.61666666666666,18.120370370370367
121,1,2016,65.34166666666667,18.52314814814815
230,4,2000,61.675,16.48611111111111
231,4,2001,61.2,16.222222222222218
232,4,2002,61.175,16.208333333333332
233,4,2003,61.9,16.61111111111111
234,4,2004,60.40833333333333,15.782407407407408
235,4,2005,61.13333333333333,16.185185185185183
236,4,2006,61.125,16.180555555555557
237,4,2007,61.59166666666667,16.439814814814817
238,4,2008,60.61666666666667,15.898148148148149
239,4,2009,61.083333333333336,16.15740740740741
240,4,2010,60.391666666666666,15.773148148148143
241,4,2011,60.333333333333336,15.740740740740742
242,4,2012,62.10833333333333,16.726851851851855
243,4,2013,60.45,15.805555555555555
244,4,2014,62.25,16.805555555555557
245,4,2015,61.75,16.52777777777778
246,4,2016,62.175,16.76388888888889
355,5,2000,60.891666666666666,16.050925925925924
356,5,2001,61.225,16.23611111111111
357,5,2002,60.583333333333336,15.879629629629632
358,5,2003,60.266666666666666,15.703703703703702
359,5,2004,61.025,16.125
360,5,2005,61.958333333333336,16.64351851851852
361,5,2006,61.99166666666667,16.662037037037038
362,5,2007,61.80833333333333,16.560185185185183
363,5,2008,59.85833333333333,15.476851851851857
364,5,2009,59.925,15.51388888888889
365,5,2010,61.175,16.208333333333332
366,5,2011,61.81666666666666,16.564814814814813
367,5,2012,63.60833333333333,17.560185185185187
368,5,2013,59.641666666666666,15.35648148148148
369,5,2014,58.66666666666666,14.814814814814811
370,5,2015,61.4,16.333333333333332
371,5,2016,62.79166666666666,17.10648148148148
480,6,2000,58.8,14.88888888888889
481,6,2001,59.11666666666667,15.064814814814817
482,6,2002,58.85,14.916666666666666
483,6,2003,59.425,15.236111111111114
484,6,2004,58.85833333333333,14.921296296296298
485,6,2005,58.6,14.77777777777778
486,6,2006,58.641666666666666,14.800925925925924
487,6,2007,58.925,14.958333333333334
488,6,2008,58.91666666666666,14.953703703703702
489,6,2009,58.833333333333336,14.90740740740741
490,6,2010,57.725,14.291666666666666
491,6,2011,57.43333333333334,14.129629629629632
492,6,2012,59.50833333333333,15.282407407407408
493,6,2013,59.31666666666667,15.175925925925927
494,6,2014,61.45,16.36111111111111
495,6,2015,60.75833333333333,15.976851851851851
496,6,2016,60.13333333333333,15.629629629629628
605,8,2000,47.0,8.333333333333334
606,8,2001,46.85,8.25
607,8,2002,46.083333333333336,7.824074074074076
608,8,2003,47.025,8.347222222222221
609,8,2004,45.84166666666667,7.689814814814816
610,8,2005,46.766666666666666,8.203703703703702
611,8,2006,46.50833333333333,8.060185185185183
612,8,2007,46.175,7.874999999999998
613,8,2008,44.94166666666667,7.189814814814816
614,8,2009,45.18333333333333,7.324074074074073
615,8,2010,46.15,7.861111111111111
616,8,2011,45.43333333333333,7.462962962962962
617,8,2012,48.31666666666666,9.064814814814811
618,8,2013,45.09166666666667,7.273148148148149
619,8,2014,46.05833333333333,7.810185185185184
620,8,2015,47.44166666666667,8.578703703703704
621,8,2016,47.28333333333333,8.49074074074074
730,9,2000,48.53333333333333,9.185185185185183
731,9,2001,50.24166666666667,10.13425925925926
732,9,2002,50.46666666666667,10.25925925925926
733,9,2003,48.15833333333333,8.976851851851851
734,9,2004,48.75833333333333,9.310185185185183
735,9,2005,49.50833333333333,9.726851851851851
736,9,2006,51.13333333333333,10.629629629629628
737,9,2007,49.53333333333333,9.74074074074074
738,9,2008,49.7,9.833333333333336
739,9,2009,48.84166666666667,9.356481481481485
740,9,2010,51.35,10.75
741,9,2011,50.85833333333333,10.476851851851851
742,9,2012,52.46666666666667,11.370370370370372
743,9,2013,49.78333333333333,9.879629629629628
744,9,2014,48.675,9.263888888888893
745,9,2015,49.84166666666667,9.912037037037038
746,9,2016,51.775,10.98611111111111
855,10,2000,54.74166666666667,12.63425925925926
856,10,2001,56.09166666666667,13.38425925925926
857,10,2002,57.15833333333333,13.976851851851851
858,10,2003,54.583333333333336,12.546296296296298
859,10,2004,55.825,13.236111111111112
860,10,2005,55.725,13.180555555555555
861,10,2006,57.325,14.06944444444444
862,10,2007,56.29166666666666,13.495370370370368
863,10,2008,56.30833333333334,13.504629629629632
864,10,2009,55.425,13.013888888888893
865,10,2010,56.675,13.708333333333336
866,10,2011,57.425,14.124999999999998
867,10,2012,58.475,14.708333333333334
868,10,2013,55.825,13.236111111111112
869,10,2014,54.71666666666667,12.620370370370372
870,10,2015,56.41666666666666,13.564814814814811
871,10,2016,57.36666666666667,14.092592592592592
980,12,2000,70.575,21.43055555555556
981,12,2001,70.93333333333334,21.629629629629637
982,12,2002,71.29166666666667,21.82870370370371
983,12,2003,70.86666666666666,21.59259259259259
984,12,2004,70.81666666666666,21.564814814814813
985,12,2005,70.83333333333333,21.57407407407407
986,12,2006,71.35833333333333,21.865740740740744
987,12,2007,71.75,22.08333333333333
988,12,2008,70.825,21.569444444444443
989,12,2009,71.15833333333333,21.75462962962963
990,12,2010,69.19166666666666,20.662037037037035
991,12,2011,71.68333333333334,22.046296296296298
992,12,2012,71.89166666666667,22.162037037037035
993,12,2013,71.68333333333334,22.046296296296298
994,12,2014,70.64166666666667,21.46759259259259
995,12,2015,73.35833333333333,22.97685185185185
996,12,2016,72.46666666666667,22.48148148148148
1105,13,2000,63.35,17.416666666666668
1106,13,2001,63.94166666666666,17.745370370370367
1107,13,2002,64.35833333333333,17.976851851851855
1108,13,2003,63.31666666666666,17.398148148148145
1109,13,2004,63.975,17.763888888888886
1110,13,2005,63.79166666666666,17.662037037037035
1111,13,2006,64.55,18.08333333333333
1112,13,2007,64.8,18.22222222222222
1113,13,2008,63.516666666666666,17.509259259259256
1114,13,2009,63.41666666666666,17.453703703703702
1115,13,2010,62.958333333333336,17.199074074074076
1116,13,2011,64.64166666666667,18.134259259259256
1117,13,2012,65.5,18.61111111111111
1118,13,2013,63.391666666666666,17.439814814814813
1119,13,2014,62.96666666666667,17.203703703703706
1120,13,2015,65.30833333333334,18.504629629629637
1121,13,2016,65.79166666666667,18.773148148148152
1230,16,2000,43.93333333333333,6.629629629629628
1231,16,2001,44.24166666666667,6.800925925925927
1232,16,2002,42.958333333333336,6.087962962962965
1233,16,2003,45.36666666666667,7.425925925925927
1234,16,2004,44.15,6.749999999999999
1235,16,2005,43.583333333333336,6.435185185185187
1236,16,2006,44.18333333333333,6.768518518518516
1237,16,2007,44.775,7.097222222222221
1238,16,2008,42.525,5.847222222222221
1239,16,2009,42.81666666666666,6.009259259259257
1240,16,2010,43.325,6.291666666666668
1241,16,2011,42.38333333333333,5.768518518518518
1242,16,2012,45.1,7.277777777777778
1243,16,2013,43.708333333333336,6.504629629629631
1244,16,2014,45.1,7.277777777777778
1245,16,2015,46.375,7.986111111111111
1246,16,2016,45.09166666666667,7.273148148148149
1355,17,2000,52.2,11.22222222222222
1356,17,2001,53.35833333333333,11.86574074074074
1357,17,2002,53.24166666666667,11.800925925925927
1358,17,2003,51.71666666666667,10.953703703703704
1359,17,2004,52.583333333333336,11.435185185185189
1360,17,2005,53.7,12.055555555555555
1361,17,2006,54.0,12.22222222222222
1362,17,2007,53.675,12.041666666666664
1363,17,2008,50.91666666666666,10.509259259259258
1364,17,2009,51.425,10.79166666666667
1365,17,2010,52.891666666666666,11.60648148148148
1366,17,2011,53.15,11.75
1367,17,2012,55.775,13.208333333333334
1368,17,2013,51.08333333333333,10.60185185185185
1369,17,2014,49.48333333333333,9.712962962962964
1370,17,2015,52.875,11.59722222222222
1371,17,2016,54.73333333333333,12.62962962962963
1480,18,2000,51.55,10.861111111111114
1481,18,2001,53.15833333333333,11.754629629629628
1482,18,2002,53.11666666666667,11.731481481481485
1483,18,2003,51.06666666666666,10.59259259259259
1484,18,2004,52.21666666666667,11.231481481481485
1485,18,2005,52.85,11.583333333333334
1486,18,2006,53.425,11.902777777777777
1487,18,2007,53.28333333333333,11.824074074074073
1488,18,2008,51.04166666666666,10.578703703703702
1489,18,2009,51.28333333333333,10.712962962962962
1490,18,2010,52.6,11.444444444444445
1491,18,2011,53.06666666666666,11.703703703703702
1492,18,2012,55.13333333333333,12.851851851851851
1493,18,2013,51.208333333333336,10.671296296296298
1494,18,2014,49.40833333333333,9.671296296296296
1495,18,2015,52.30833333333334,11.28240740740741
1496,18,2016,54.225,12.34722222222222
1605,19,2000,48.63333333333333,9.24074074074074
1606,19,2001,49.05833333333333,9.476851851851851
1607,19,2002,49.16666666666666,9.537037037037036
1608,19,2003,47.91666666666666,8.84259259259259
1609,19,2004,48.516666666666666,9.175925925925926
1610,19,2005,49.61666666666667,9.787037037037038
1611,19,2006,50.391666666666666,10.217592592592592
1612,19,2007,48.891666666666666,9.38425925925926
1613,19,2008,45.91666666666666,7.731481481481479
1614,19,2009,46.7,8.166666666666668
1615,19,2010,48.19166666666667,8.995370370370372
1616,19,2011,48.40833333333333,9.11574074074074
1617,19,2012,52.075,11.15277777777778
1618,19,2013,46.65833333333333,8.143518518518517
1619,19,2014,45.458333333333336,7.476851851851854
1620,19,2015,49.266666666666666,9.592592592592592
1621,19,2016,50.71666666666667,10.398148148148149
1730,20,2000,55.53333333333333,13.074074074074073
1731,20,2001,55.91666666666666,13.287037037037036
1732,20,2002,55.18333333333334,12.879629629629632
1733,20,2003,54.96666666666667,12.75925925925926
1734,20,2004,55.06666666666667,12.814814814814817
1735,20,2005,55.891666666666666,13.273148148148149
1736,20,2006,56.875,13.819444444444445
1737,20,2007,55.075,12.819444444444446
1738,20,2008,53.575,11.986111111111112
1739,20,2009,53.6,12.0
1740,20,2010,55.275,12.930555555555555
1741,20,2011,55.208333333333336,12.89351851851852
1742,20,2012,58.21666666666667,14.564814814814817
1743,20,2013,53.71666666666667,12.064814814814817
1744,20,2014,53.68333333333334,12.046296296296298
1745,20,2015,56.3,13.500000000000004
1746,20,2016,57.16666666666666,13.98148148148148
1855,21,2000,55.66666666666666,13.148148148148143
1856,21,2001,56.59166666666667,13.662037037037038
1857,21,2002,56.833333333333336,13.796296296296298
1858,21,2003,55.24166666666667,12.912037037037038
1859,21,2004,56.40833333333333,13.560185185185183
1860,21,2005,56.78333333333333,13.768518518518515
1861,21,2006,56.80833333333334,13.78240740740741
1862,21,2007,57.71666666666667,14.287037037037038
1863,21,2008,55.35,12.97222222222222
1864,21,2009,55.391666666666666,12.99537037037037
1865,21,2010,56.00833333333333,13.337962962962962
1866,21,2011,56.925,13.84722222222222
1867,21,2012,58.40833333333333,14.671296296296296
1868,21,2013,55.04166666666666,12.800925925925924
1869,21,2014,54.34166666666667,12.412037037037038
1870,21,2015,56.56666666666667,13.648148148148149
1871,21,2016,57.925,14.40277777777778
1980,22,2000,67.24166666666667,19.57870370370371
1981,22,2001,66.65833333333333,19.25462962962963
1982,22,2002,66.64166666666667,19.245370370370367
1983,22,2003,66.375,19.09722222222222
1984,22,2004,67.14166666666667,19.523148148148145
1985,22,2005,67.50833333333333,19.726851851851848
1986,22,2006,67.775,19.875000000000004
1987,22,2007,67.38333333333333,19.657407407407405
1988,22,2008,66.64166666666667,19.245370370370367
1989,22,2009,66.85,19.361111111111107
1990,22,2010,66.45833333333333,19.143518518518515
1991,22,2011,67.71666666666667,19.842592592592595
1992,22,2012,68.71666666666667,20.39814814814815
1993,22,2013,66.25,19.02777777777778
1994,22,2014,65.075,18.375
1995,22,2015,68.09166666666667,20.050925925925927
1996,22,2016,68.74166666666667,20.41203703703704
2105,23,2000,40.93333333333334,4.9629629629629655
2106,23,2001,42.65,5.916666666666666
2107,23,2002,41.7,5.388888888888887
2108,23,2003,40.45,4.694444444444446
2109,23,2004,40.44166666666666,4.689814814814813
2110,23,2005,41.833333333333336,5.462962962962965
2111,23,2006,43.975,6.652777777777779
2112,23,2007,40.71666666666667,4.8425925925925934
2113,23,2008,41.60833333333333,5.337962962962964
2114,23,2009,40.85833333333333,4.921296296296297
2115,23,2010,44.63333333333333,7.018518518518518
2116,23,2011,42.81666666666666,6.009259259259257
2117,23,2012,43.85833333333333,6.587962962962964
2118,23,2013,41.96666666666667,5.537037037037038
2119,23,2014,41.19166666666667,5.106481481481484
2120,23,2015,41.225,5.125000000000001
2121,23,2016,43.25833333333333,6.25462962962963
2230,24,2000,54.13333333333333,12.296296296296296
2231,24,2001,55.325,12.958333333333336
2232,24,2002,56.275,13.48611111111111
2233,24,2003,53.91666666666666,12.175925925925924
2234,24,2004,55.16666666666666,12.870370370370368
2235,24,2005,55.16666666666666,12.870370370370368
2236,24,2006,56.516666666666666,13.62037037037037
2237,24,2007,55.69166666666666,13.162037037037036
2238,24,2008,55.31666666666666,12.953703703703702
2239,24,2009,54.60833333333333,12.560185185185183
2240,24,2010,55.85,13.25
2241,24,2011,56.525,13.625
2242,24,2012,57.49166666666667,14.162037037037038
2243,24,2013,54.71666666666667,12.620370370370372
2244,24,2014,53.575,11.986111111111112
2245,24,2015,55.44166666666667,13.023148148148149
2246,24,2016,56.46666666666667,13.592592592592592
2355,25,2000,47.516666666666666,8.62037037037037
2356,25,2001,49.09166666666667,9.495370370370372
2357,25,2002,49.34166666666667,9.63425925925926
2358,25,2003,47.10833333333333,8.393518518518519
2359,25,2004,47.61666666666667,8.675925925925927
2360,25,2005,48.391666666666666,9.10648148148148
2361,25,2006,50.11666666666667,10.064814814814817
2362,25,2007,48.29166666666666,9.050925925925924
2363,25,2008,48.60833333333333,9.226851851851851
2364,25,2009,47.74166666666667,8.745370370370372
2365,25,2010,50.35,10.19444444444444
2366,25,2011,49.66666666666666,9.814814814814811
2367,25,2012,51.333333333333336,10.740740740740742
2368,25,2013,48.8,9.333333333333332
2369,25,2014,47.725,8.73611111111111
2370,25,2015,48.458333333333336,9.14351851851852
2371,25,2016,50.31666666666666,10.175925925925924
2480,26,2000,45.016666666666666,7.231481481481481
2481,26,2001,46.8,8.222222222222221
2482,26,2002,45.74166666666667,7.63425925925926
2483,26,2003,43.96666666666667,6.648148148148149
2484,26,2004,44.583333333333336,6.990740740740742
2485,26,2005,46.04166666666667,7.800925925925928
2486,26,2006,47.016666666666666,8.342592592592592
2487,26,2007,46.09166666666667,7.828703703703705
2488,26,2008,44.03333333333333,6.685185185185184
2489,26,2009,43.775,6.541666666666666
2490,26,2010,47.075,8.375000000000002
2491,26,2011,45.61666666666667,7.564814814814816
2492,26,2012,48.425,9.124999999999998
2493,26,2013,44.05833333333333,6.699074074074073
2494,26,2014,41.88333333333333,5.4907407407407405
2495,26,2015,45.10833333333333,7.282407407407408
2496,26,2016,47.36666666666667,8.537037037037038
2605,27,2000,41.81666666666666,5.4537037037037015
2606,27,2001,43.05,6.138888888888888
2607,27,2002,42.04166666666666,5.578703703703702
2608,27,2003,41.516666666666666,5.287037037037036
2609,27,2004,41.3,5.166666666666665
2610,27,2005,43.06666666666667,6.14814814814815
2611,27,2006,44.38333333333333,6.87962962962963
2612,27,2007,42.391666666666666,5.773148148148148
2613,27,2008,39.41666666666666,4.120370370370369
2614,27,2009,40.10833333333333,4.50462962962963
2615,27,2010,42.84166666666667,6.023148148148149
2616,27,2011,42.025,5.569444444444444
2617,27,2012,45.2,7.33333333333333
2618,27,2013,39.325,4.069444444444446
2619,27,2014,38.641666666666666,3.6898148148148144
2620,27,2015,43.49166666666667,6.38425925925926
2621,27,2016,44.56666666666667,6.981481481481484
2730,28,2000,64.21666666666667,17.89814814814815
2731,28,2001,63.7,17.61111111111111
2732,28,2002,63.98333333333333,17.76851851851852
2733,28,2003,63.266666666666666,17.370370370370367
2734,28,2004,64.00833333333333,17.782407407407405
2735,28,2005,64.275,17.930555555555557
2736,28,2006,64.75833333333333,18.19907407407407
2737,28,2007,64.95,18.30555555555556
2738,28,2008,63.325,17.40277777777778
2739,28,2009,63.63333333333333,17.574074074074073
2740,28,2010,63.48333333333333,17.490740740740744
2741,28,2011,64.45,18.02777777777778
2742,28,2012,65.68333333333334,18.712962962962965
2743,28,2013,63.083333333333336,17.26851851851852
2744,28,2014,62.31666666666666,16.84259259259259
2745,28,2015,65.29166666666667,18.49537037037037
2746,28,2016,65.90833333333333,18.83796296296296
2855,29,2000,55.15,12.86111111111111
2856,29,2001,55.80833333333334,13.226851851851857
2857,29,2002,55.31666666666667,12.953703703703704
2858,29,2003,54.5,12.5
2859,29,2004,54.96666666666667,12.75925925925926
2860,29,2005,56.23333333333333,13.462962962962964
2861,29,2006,56.75,13.75
2862,29,2007,56.18333333333334,13.435185185185189
2863,29,2008,53.43333333333334,11.90740740740741
2864,29,2009,53.975,12.20833333333333
2865,29,2010,55.20833333333333,12.893518518518515
2866,29,2011,55.641666666666666,13.13425925925926
2867,29,2012,58.55,14.75
2868,29,2013,53.60833333333333,12.00462962962963
2869,29,2014,52.875,11.59722222222222
2870,29,2015,55.84166666666667,13.245370370370372
2871,29,2016,57.44166666666667,14.13425925925926
2980,30,2000,42.35,5.750000000000001
2981,30,2001,43.65,6.472222222222221
2982,30,2002,41.44166666666666,5.2453703703703685
2983,30,2003,43.333333333333336,6.296296296296298
2984,30,2004,42.81666666666666,6.009259259259257
2985,30,2005,43.05833333333334,6.143518518518521
2986,30,2006,44.375,6.875
2987,30,2007,44.025,6.6805555555555545
2988,30,2008,41.38333333333333,5.212962962962963
2989,30,2009,41.141666666666666,5.078703703703703
2990,30,2010,41.55833333333334,5.310185185185187
2991,30,2011,41.583333333333336,5.324074074074075
2992,30,2012,44.53333333333333,6.962962962962962
2993,30,2013,42.38333333333333,5.768518518518518
2994,30,2014,41.90833333333333,5.504629629629629
2995,30,2015,44.85833333333333,7.143518518518519
2996,30,2016,44.625,7.013888888888889
3105,31,2000,49.925,9.958333333333332
3106,31,2001,50.333333333333336,10.185185185185189
3107,31,2002,50.00833333333333,10.004629629629628
3108,31,2003,49.78333333333333,9.879629629629628
3109,31,2004,49.80833333333334,9.89351851851852
3110,31,2005,50.7,10.388888888888893
3111,31,2006,51.10833333333333,10.61574074074074
3112,31,2007,49.958333333333336,9.976851851851857
3113,31,2008,47.69166666666667,8.717592592592593
3114,31,2009,47.6,8.666666666666666
3115,31,2010,49.34166666666667,9.63425925925926
3116,31,2011,48.78333333333333,9.324074074074073
3117,31,2012,52.71666666666667,11.50925925925926
3118,31,2013,48.458333333333336,9.14351851851852
3119,31,2014,48.016666666666666,8.898148148148147
3120,31,2015,50.80833333333334,10.449074074074076
3121,31,2016,51.65,10.916666666666666
3230,32,2000,51.48333333333333,10.824074074074074
3231,32,2001,51.55833333333333,10.86574074074074
3232,32,2002,50.8,10.444444444444445
3233,32,2003,52.24166666666667,11.245370370370372
3234,32,2004,50.83333333333333,10.46296296296296
3235,32,2005,50.66666666666666,10.370370370370368
3236,32,2006,50.79166666666667,10.439814814814817
3237,32,2007,51.525,10.84722222222222
3238,32,2008,50.41666666666667,10.231481481481485
3239,32,2009,50.36666666666667,10.203703703703704
3240,32,2010,50.05,10.027777777777777
3241,32,2011,49.56666666666666,9.759259259259258
3242,32,2012,52.35833333333333,11.310185185185183
3243,32,2013,50.49166666666667,10.273148148148149
3244,32,2014,53.03333333333333,11.685185185185183
3245,32,2015,52.891666666666666,11.60648148148148
3246,32,2016,51.93333333333334,11.074074074074076
3355,33,2000,42.99166666666667,6.106481481481482
3356,33,2001,44.575,6.9861111111111125
3357,33,2002,44.53333333333333,6.962962962962962
3358,33,2003,42.5,5.833333333333333
3359,33,2004,42.98333333333333,6.101851851851852
3360,33,2005,44.03333333333333,6.685185185185184
3361,33,2006,45.78333333333333,7.6574074074074066
3362,33,2007,43.1,6.166666666666668
3363,33,2008,43.85,6.583333333333334
3364,33,2009,42.96666666666667,6.0925925925925934
3365,33,2010,45.98333333333333,7.768518518518519
3366,33,2011,44.93333333333333,7.185185185185184
3367,33,2012,46.59166666666667,8.106481481481483
3368,33,2013,44.2,6.77777777777778
3369,33,2014,43.05,6.138888888888888
3370,33,2015,43.61666666666667,6.453703703703704
3371,33,2016,45.73333333333333,7.62962962962963
3480,34,2000,52.19166666666666,11.21759259259259
3481,34,2001,53.641666666666666,12.023148148148149
3482,34,2002,54.30833333333333,12.393518518518515
3483,34,2003,51.84166666666667,11.023148148148149
3484,34,2004,53.016666666666666,11.675925925925926
3485,34,2005,53.45,11.916666666666668
3486,34,2006,54.975,12.76388888888889
3487,34,2007,53.583333333333336,11.990740740740742
3488,34,2008,53.625,12.01388888888889
3489,34,2009,52.73333333333333,11.51851851851852
3490,34,2010,54.675,12.597222222222223
3491,34,2011,54.85833333333333,12.699074074074074
3492,34,2012,55.86666666666667,13.25925925925926
3493,34,2013,53.208333333333336,11.78240740740741
3494,34,2014,51.94166666666666,11.078703703703702
3495,34,2015,53.86666666666667,12.148148148148149
3496,34,2016,54.95,12.750000000000002
3605,35,2000,55.208333333333336,12.89351851851852
3606,35,2001,54.575,12.541666666666668
3607,35,2002,54.38333333333333,12.435185185185183
3608,35,2003,55.48333333333333,13.046296296296298
3609,35,2004,53.54166666666666,11.96759259259259
3610,35,2005,54.71666666666667,12.620370370370372
3611,35,2006,54.74166666666667,12.63425925925926
3612,35,2007,54.21666666666667,12.342592592592592
3613,35,2008,53.641666666666666,12.023148148148149
3614,35,2009,54.275,12.375
3615,35,2010,54.175,12.319444444444445
3616,35,2011,54.61666666666667,12.564814814814817
3617,35,2012,56.0,13.333333333333334
3618,35,2013,53.675,12.041666666666664
3619,35,2014,54.80833333333334,12.671296296296298
3620,35,2015,54.94166666666666,12.745370370370368
3621,35,2016,55.525,13.069444444444445
3730,36,2000,44.875,7.152777777777778
3731,36,2001,46.93333333333333,8.296296296296296
3732,36,2002,46.833333333333336,8.240740740740742
3733,36,2003,44.516666666666666,6.953703703703703
3734,36,2004,45.16666666666666,7.314814814814813
3735,36,2005,46.225,7.902777777777778
3736,36,2006,47.63333333333333,8.685185185185183
3737,36,2007,45.65833333333333,7.587962962962962
3738,36,2008,45.775,7.652777777777778
3739,36,2009,45.016666666666666,7.231481481481481
3740,36,2010,47.25,8.472222222222221
3741,36,2011,47.125,8.402777777777779
3742,36,2012,48.84166666666667,9.356481481481485
3743,36,2013,45.725,7.625
3744,36,2014,44.50833333333333,6.9490740740740735
3745,36,2015,45.69166666666666,7.606481481481479
3746,36,2016,47.641666666666666,8.689814814814815
3855,37,2000,58.38333333333333,14.657407407407408
3856,37,2001,59.391666666666666,15.21759259259259
3857,37,2002,59.975,15.541666666666666
3858,37,2003,58.725,14.84722222222222
3859,37,2004,59.34166666666667,15.189814814814817
3860,37,2005,59.425,15.23611111111111
3861,37,2006,59.81666666666666,15.453703703703702
3862,37,2007,60.475,15.819444444444445
3863,37,2008,59.325,15.180555555555555
3864,37,2009,58.88333333333333,14.935185185185183
3865,37,2010,59.016666666666666,15.009259259259258
3866,37,2011,60.391666666666666,15.773148148148143
3867,37,2012,60.71666666666667,15.953703703703704
3868,37,2013,58.55833333333334,14.754629629629632
3869,37,2014,58.35,14.63888888888889
3870,37,2015,60.516666666666666,15.84259259259259
3871,37,2016,60.84166666666667,16.02314814814815
3980,38,2000,41.075,5.041666666666668
3981,38,2001,42.24166666666667,5.689814814814815
3982,38,2002,41.0,5.0
3983,38,2003,40.766666666666666,4.87037037037037
3984,38,2004,40.54166666666666,4.745370370370369
3985,38,2005,42.4,5.777777777777777
3986,38,2006,43.83333333333333,6.574074074074072
3987,38,2007,41.766666666666666,5.425925925925926
3988,38,2008,39.333333333333336,4.074074074074075
3989,38,2009,38.516666666666666,3.62037037037037
3990,38,2010,40.875,4.930555555555555
3991,38,2011,40.65833333333333,4.810185185185184
3992,38,2012,44.13333333333333,6.7407407407407405
3993,38,2013,38.79166666666666,3.773148148148147
3994,38,2014,38.975,3.875000000000001
3995,38,2015,43.375,6.319444444444445
3996,38,2016,44.36666666666667,6.87037037037037
4105,39,2000,50.79166666666666,10.439814814814811
4106,39,2001,52.36666666666667,11.314814814814817
4107,39,2002,52.53333333333333,11.407407407407408
4108,39,2003,50.23333333333333,10.12962962962963
4109,39,2004,51.34166666666667,10.745370370370372
4110,39,2005,51.79166666666666,10.995370370370368
4111,39,2006,52.70833333333333,11.504629629629626
4112,39,2007,52.266666666666666,11.25925925925926
4113,39,2008,50.63333333333333,10.351851851851851
4114,39,2009,50.54166666666666,10.300925925925924
4115,39,2010,51.708333333333336,10.949074074074076
4116,39,2011,52.30833333333334,11.28240740740741
4117,39,2012,54.016666666666666,12.23148148148148
4118,39,2013,50.875,10.48611111111111
4119,39,2014,49.19166666666666,9.550925925925924
4120,39,2015,51.61666666666667,10.898148148148149
4121,39,2016,53.575,11.986111111111112
4230,40,2000,60.30833333333333,15.726851851851851
4231,40,2001,60.78333333333333,15.99074074074074
4232,40,2002,59.41666666666666,15.23148148148148
4233,40,2003,59.86666666666667,15.481481481481485
4234,40,2004,60.15,15.63888888888889
4235,40,2005,60.84166666666667,16.02314814814815
4236,40,2006,62.15833333333333,16.75462962962963
4237,40,2007,60.05,15.583333333333334
4238,40,2008,59.55,15.305555555555555
4239,40,2009,59.41666666666666,15.23148148148148
4240,40,2010,60.3,15.722222222222223
4241,40,2011,61.641666666666666,16.46759259259259
4242,40,2012,63.15,17.305555555555557
4243,40,2013,58.833333333333336,14.90740740740741
4244,40,2014,58.88333333333333,14.935185185185183
4245,40,2015,60.825,16.013888888888886
4246,40,2016,62.30833333333333,16.837962962962962
4355,41,2000,47.46666666666667,8.592592592592593
4356,41,2001,47.78333333333333,8.768518518518517
4357,41,2002,47.708333333333336,8.726851851851855
4358,41,2003,49.04166666666666,9.46759259259259
4359,41,2004,48.45,9.138888888888893
4360,41,2005,47.708333333333336,8.726851851851855
4361,41,2006,47.95,8.861111111111112
4362,41,2007,47.78333333333333,8.768518518518517
4363,41,2008,46.8,8.222222222222221
4364,41,2009,47.25833333333333,8.476851851851851
4365,41,2010,47.11666666666667,8.398148148148149
4366,41,2011,46.275,7.930555555555555
4367,41,2012,48.016666666666666,8.898148148148147
4368,41,2013,47.641666666666666,8.689814814814815
4369,41,2014,49.625,9.791666666666666
4370,41,2015,50.35833333333333,10.199074074074074
4371,41,2016,48.766666666666666,9.314814814814817
4480,42,2000,48.5,9.166666666666666
4481,42,2001,49.94166666666666,9.96759259259259
4482,42,2002,50.3,10.16666666666667
4483,42,2003,47.975,8.875
4484,42,2004,49.06666666666666,9.48148148148148
4485,42,2005,49.49166666666667,9.717592592592592
4486,42,2006,50.75833333333333,10.421296296296296
4487,42,2007,49.5,9.72222222222222
4488,42,2008,48.85,9.36111111111111
4489,42,2009,48.43333333333333,9.129629629629628
4490,42,2010,50.08333333333333,10.046296296296294
4491,42,2011,50.43333333333334,10.240740740740742
4492,42,2012,51.8,10.999999999999998
4493,42,2013,49.00833333333333,9.449074074074073
4494,42,2014,47.43333333333334,8.574074074074076
4495,42,2015,49.458333333333336,9.699074074074076
4496,42,2016,50.93333333333334,10.51851851851852
4605,44,2000,49.46666666666667,9.703703703703704
4606,44,2001,51.09166666666667,10.606481481481485
4607,44,2002,51.175,10.652777777777777
4608,44,2003,48.98333333333333,9.435185185185183
4609,44,2004,49.325,9.625000000000002
4610,44,2005,50.09166666666667,10.050925925925927
4611,44,2006,51.84166666666667,11.023148148148149
4612,44,2007,50.28333333333333,10.157407407407408
4613,44,2008,50.775,10.430555555555555
4614,44,2009,49.775,9.875
4615,44,2010,51.96666666666667,11.092592592592592
4616,44,2011,51.625,10.90277777777778
4617,44,2012,52.875,11.59722222222222
4618,44,2013,50.65,10.36111111111111
4619,44,2014,49.74166666666667,9.856481481481485
4620,44,2015,50.43333333333333,10.24074074074074
4621,44,2016,52.208333333333336,11.226851851851857
4730,45,2000,62.24166666666667,16.800925925925927
4731,45,2001,63.29166666666666,17.384259259259256
4732,45,2002,63.7,17.61111111111111
4733,45,2003,62.35833333333333,16.865740740740744
4734,45,2004,63.18333333333333,17.324074074074073
4735,45,2005,63.06666666666666,17.259259259259256
4736,45,2006,63.61666666666667,17.564814814814817
4737,45,2007,64.3,17.944444444444443
4738,45,2008,62.95,17.194444444444443
4739,45,2009,62.675,17.041666666666668
4740,45,2010,62.56666666666666,16.98148148148148
4741,45,2011,64.1,17.83333333333333
4742,45,2012,64.50833333333334,18.060185185185187
4743,45,2013,62.325,16.84722222222222
4744,45,2014,62.21666666666667,16.787037037037038
4745,45,2015,64.49166666666666,18.050925925925924
4746,45,2016,64.85833333333333,18.254629629629637
4855,46,2000,45.958333333333336,7.754629629629631
4856,46,2001,46.49166666666667,8.050925925925927
4857,46,2002,46.24166666666667,7.912037037037038
4858,46,2003,46.05833333333334,7.810185185185187
4859,46,2004,46.3,7.944444444444443
4860,46,2005,47.34166666666667,8.523148148148149
4861,46,2006,48.141666666666666,8.967592592592592
4862,46,2007,46.8,8.222222222222225
4863,46,2008,43.84166666666667,6.578703703703705
4864,46,2009,43.55833333333334,6.4212962962962985
4865,46,2010,45.13333333333333,7.296296296296295
4866,46,2011,44.775,7.097222222222221
4867,46,2012,49.266666666666666,9.592592592592592
4868,46,2013,44.04166666666666,6.689814814814813
4869,46,2014,43.68333333333333,6.490740740740739
4870,46,2015,47.53333333333333,8.629629629629628
4871,46,2016,48.35,9.083333333333334
4980,47,2000,58.0,14.444444444444445
4981,47,2001,58.25,14.583333333333334
4982,47,2002,58.725,14.84722222222222
4983,47,2003,57.50833333333333,14.171296296296296
4984,47,2004,58.49166666666667,14.717592592592592
4985,47,2005,58.75,14.86111111111111
4986,47,2006,58.891666666666666,14.939814814814811
4987,47,2007,59.94166666666667,15.523148148148149
4988,47,2008,57.625,14.23611111111111
4989,47,2009,57.575,14.208333333333336
4990,47,2010,57.91666666666666,14.398148148148143
4991,47,2011,58.94166666666666,14.96759259259259
4992,47,2012,60.33333333333333,15.740740740740735
4993,47,2013,57.11666666666667,13.953703703703704
4994,47,2014,56.61666666666667,13.675925925925927
4995,47,2015,59.03333333333333,15.018518518518515
4996,47,2016,60.3,15.72222222222222
5105,48,2000,66.48333333333333,19.15740740740741
5106,48,2001,65.7,18.72222222222222
5107,48,2002,65.025,18.347222222222225
5108,48,2003,65.5,18.61111111111111
5109,48,2004,65.24166666666667,18.467592592592595
5110,48,2005,65.96666666666667,18.87037037037037
5111,48,2006,67.11666666666666,19.509259259259256
5112,48,2007,64.84166666666667,18.24537037037037
5113,48,2008,65.53333333333333,18.62962962962963
5114,48,2009,65.75833333333333,18.754629629629623
5115,48,2010,65.1,18.38888888888889
5116,48,2011,67.34166666666667,19.63425925925926
5117,48,2012,67.76666666666667,19.870370370370367
5118,48,2013,65.10833333333333,18.39351851851852
5119,48,2014,64.85,18.25
5120,48,2015,65.8,18.77777777777778
5121,48,2016,67.15,19.527777777777786
5230,49,2000,50.21666666666667,10.120370370370372
5231,49,2001,49.98333333333333,9.99074074074074
5232,49,2002,48.825,9.347222222222223
5233,49,2003,50.6,10.333333333333334
5234,49,2004,48.7,9.27777777777778
5235,49,2005,49.333333333333336,9.629629629629632
5236,49,2006,49.16666666666666,9.537037037037036
5237,49,2007,49.891666666666666,9.939814814814817
5238,49,2008,48.10833333333333,8.949074074074074
5239,49,2009,48.44166666666667,9.13425925925926
5240,49,2010,48.31666666666666,9.064814814814811
5241,49,2011,47.60833333333333,8.671296296296298
5242,49,2012,50.94166666666667,10.523148148148149
5243,49,2013,47.75,8.75
5244,49,2014,50.44166666666667,10.245370370370372
5245,49,2015,50.73333333333333,10.407407407407408
5246,49,2016,50.23333333333333,10.12962962962963
5355,50,2000,41.825,5.458333333333335
5356,50,2001,43.78333333333333,6.546296296296295
5357,50,2002,43.56666666666666,6.425925925925924
5358,50,2003,41.48333333333333,5.268518518518519
5359,50,2004,41.84166666666667,5.4675925925925934
5360,50,2005,43.41666666666666,6.342592592592592
5361,50,2006,45.05833333333333,7.254629629629629
5362,50,2007,42.175,5.652777777777776
5363,50,2008,43.05,6.138888888888888
5364,50,2009,42.28333333333333,5.712962962962962
5365,50,2010,44.875,7.152777777777778
5366,50,2011,44.3,6.833333333333332
5367,50,2012,45.85,7.694444444444445
5368,50,2013,43.23333333333333,6.240740740740741
5369,50,2014,41.95,5.52777777777778
5370,50,2015,42.63333333333333,5.907407407407407
5371,50,2016,44.65,7.027777777777777
5480,51,2000,54.9,12.72222222222222
5481,51,2001,55.84166666666667,13.245370370370372
5482,51,2002,56.55833333333334,13.64351851851852
5483,51,2003,54.95,12.750000000000002
5484,51,2004,55.88333333333333,13.268518518518515
5485,51,2005,55.93333333333333,13.296296296296296
5486,51,2006,56.575,13.65277777777778
5487,51,2007,56.8,13.77777777777778
5488,51,2008,55.70833333333333,13.171296296296294
5489,51,2009,55.15833333333333,12.86574074074074
5490,51,2010,55.925,13.291666666666664
5491,51,2011,56.98333333333333,13.87962962962963
5492,51,2012,57.55,14.194444444444445
5493,51,2013,55.11666666666667,12.842592592592592
5494,51,2014,54.44166666666666,12.46759259259259
5495,51,2015,56.53333333333333,13.629629629629628
5496,51,2016,57.11666666666667,13.953703703703704
5605,53,2000,46.175,7.874999999999998
5606,53,2001,46.875,8.26388888888889
5607,53,2002,46.93333333333334,8.296296296296298
5608,53,2003,48.175,8.986111111111109
5609,53,2004,48.391666666666666,9.10648148148148
5610,53,2005,47.333333333333336,8.51851851851852
5611,53,2006,47.50833333333333,8.61574074074074
5612,53,2007,46.79166666666666,8.21759259259259
5613,53,2008,45.75833333333333,7.643518518518517
5614,53,2009,46.36666666666667,7.981481481481483
5615,53,2010,47.083333333333336,8.379629629629632
5616,53,2011,45.525,7.513888888888889
5617,53,2012,47.05833333333334,8.365740740740742
5618,53,2013,47.15,8.416666666666666
5619,53,2014,48.375,9.09722222222222
5620,53,2015,49.975,9.98611111111111
5621,53,2016,48.575,9.208333333333336
5730,54,2000,51.775,10.98611111111111
5731,54,2001,52.69166666666666,11.495370370370368
5732,54,2002,53.23333333333333,11.796296296296298
5733,54,2003,51.583333333333336,10.879629629629632
5734,54,2004,52.71666666666667,11.50925925925926
5735,54,2005,52.75833333333333,11.532407407407408
5736,54,2006,53.03333333333333,11.685185185185183
5737,54,2007,53.29166666666666,11.828703703703702
5738,54,2008,51.79166666666666,10.995370370370368
5739,54,2009,51.74166666666667,10.967592592592592
5740,54,2010,52.05,11.138888888888888
5741,54,2011,53.5,11.944444444444445
5742,54,2012,54.31666666666666,12.398148148148143
5743,54,2013,51.775,10.98611111111111
5744,54,2014,50.78333333333333,10.435185185185183
5745,54,2015,53.141666666666666,11.74537037037037
5746,54,2016,54.141666666666666,12.300925925925926
5855,55,2000,43.86666666666667,6.592592592592593
5856,55,2001,45.325,7.4027777777777795
5857,55,2002,44.583333333333336,6.990740740740742
5858,55,2003,43.2,6.222222222222224
5859,55,2004,43.516666666666666,6.398148148148148
5860,55,2005,45.06666666666667,7.25925925925926
5861,55,2006,45.99166666666667,7.773148148148149
5862,55,2007,44.74166666666667,7.078703703703704
5863,55,2008,41.775,5.4305555555555545
5864,55,2009,42.38333333333333,5.768518518518518
5865,55,2010,45.46666666666667,7.481481481481483
5866,55,2011,44.13333333333333,6.7407407407407405
5867,55,2012,47.391666666666666,8.550925925925926
5868,55,2013,41.775,5.4305555555555545
5869,55,2014,40.225,4.5694444444444455
5870,55,2015,44.81666666666667,7.120370370370371
5871,55,2016,46.19166666666667,7.88425925925926
5980,56,2000,42.54166666666666,5.85648148148148
5981,56,2001,43.2,6.22222222222222
5982,56,2002,41.375,5.208333333333333
5983,56,2003,43.05,6.138888888888888
5984,56,2004,42.40833333333333,5.782407407407407
5985,56,2005,42.84166666666667,6.023148148148149
5986,56,2006,43.175,6.208333333333332
5987,56,2007,43.29166666666667,6.273148148148151
5988,56,2008,40.68333333333333,4.824074074074073
5989,56,2009,40.925,4.958333333333332
5990,56,2010,41.95,5.52777777777778
5991,56,2011,41.05833333333334,5.032407407407409
5992,56,2012,44.79166666666666,7.10648148148148
5993,56,2013,41.675,5.374999999999998
5994,56,2014,42.125,5.625
5995,56,2015,44.15833333333333,6.754629629629629
5996,56,2016,43.90833333333333,6.61574074074074
